2 10 2 2 2 2 2 9 2 10 10 9 2 9 2 2 2 2 9 9 9 9 27 27 4 10 13 2 13 10 2 11 2 13 2 2 2 4 10 10 10 2 2 4 4 27 31 31 4 28 27 11 11 2 2 9 2 2 2 10 2 2 25 2 2 
2 2 2 2 2 2 2 9 10 10 2 9 2 10 2 9 25 2 2 10 9 9 9 9 9 9 11 11 27 2 2 2 2 2 4 27 2 2 10 2 27 11 11 27 27 11 27 27 2 4 14 27 27 11 27 27 2 2 2 2 2 10 2 2 2 
10 25 2 2 2 2 2 2 9 2 2 2 25 10 10 2 2 10 2 2 2 10 9 9 9 9 11 9 2 27 2 3 2 2 11 4 27 10 27 10 10 11 14 27 11 10 27 2 27 4 4 11 4 4 4 28 2 10 2 10 10 9 10 2 2 
2 2 2 10 2 2 2 2 9 10 2 2 2 2 2 2 2 10 2 2 9 2 9 9 9 9 9 9 3 2 2 2 2 13 2 2 2 2 2 4 2 27 10 27 27 11 27 2 14 4 11 14 28 28 4 11 2 11 2 2 10 10 10 2 2 
25 25 2 2 2 2 2 2 2 2 2 2 2 2 2 2 2 2 2 2 25 2 11 11 9 9 2 2 27 2 2 10 2 4 2 4 11 4 4 27 27 11 10 27 27 10 27 2 10 2 4 4 4 29 4 27 27 13 2 2 2 25 2 10 2 
2 2 10 10 9 2 2 2 9 2 10 25 2 2 2 9 9 2 9 9 9 9 11 10 2 2 2 2 2 2 27 2 2 2 10 27 2 2 27 27 4 14 14 27 28 28 31 14 28 11 2 10 2 10 2 2 9 10 2 2 2 2 2 2 2 
2 2 9 25 2 2 10 2 10 2 2 2 2 2 2 2 2 2 2 10 2 9 9 9 9 9 9 9 27 2 10 2 2 13 4 2 27 4 2 11 11 27 27 27 27 2 2 27 4 4 27 31 31 28 27 11 27 2 2 25 2 2 9 2 2 
2 2 10 2 2 2 2 2 2 2 2 2 10 2 2 2 27 9 9 9 9 11 9 3 2 2 13 2 2 2 4 2 2 27 27 27 27 27 27 27 2 2 2 4 2 4 4 4 28 28 11 27 9 2 2 2 10 2 2 2 2 25 10 2 2 
2 2 2 2 9 2 2 2 2 9 2 10 10 10 25 1 9 9 9 9 9 9 2 2 2 2 2 2 2 11 27 27 27 27 27 27 11 11 11 27 10 27 2 2 4 4 11 4 4 14 28 28 27 11 2 2 2 2 2 25 2 2 10 10 2 
10 3 2 2 2 2 10 9 9 10 9 25 9 10 2 2 2 2 9 9 9 9 9 27 13 2 27 13 27 2 2 2 2 2 2 2 2 2 4 27 27 27 4 4 27 28 31 28 28 28 14 27 27 10 2 9 2 2 2 25 10 9 2 2 2 
2 2 9 2 9 2 2 9 9 2 9 25 2 10 9 2 2 2 9 10 10 2 9 2 9 9 9 11 25 2 2 2 2 2 13 13 27 27 10 27 2 10 27 2 13 2 2 2 4 4 27 4 31 31 27 11 10 2 2 2 10 2 2 2 2 
2 2 2 25 2 2 2 2 2 25 2 2 10 2 2 10 2 9 9 9 9 9 11 11 3 2 2 2 2 2 11 27 2 27 10 27 27 27 27 2 2 27 2 4 4 27 27 28 28 4 27 28 27 2 2 2 10 25 25 2 2 9 2 2 2 
2 2 2 2 2 2 9 1 2 2 2 10 2 10 3 10 10 2 2 10 10 9 2 9 9 9 9 25 25 2 2 2 2 2 2 2 27 10 27 27 27 2 27 2 2 2 2 2 14 14 14 12 31 4 14 4 10 13 2 2 2 2 2 10 2 
2 10 2 9 2 10 25 2 9 2 2 2 9 2 2 2 2 2 2 9 9 9 9 27 2 2 2 2 2 2 25 11 27 11 27 10 27 27 2 2 2 27 2 4 27 27 4 28 28 31 28 28 11 10 25 2 2 9 2 2 2 10 10 2 2 
2 10 2 2 2 2 2 9 2 2 2 2 2 10 2 2 2 2 10 10 2 2 9 9 2 9 9 9 9 27 2 2 2 2 2 27 2 2 27 2 10 27 27 11 27 27 27 2 2 2 4 11 27 31 27 28 28 11 2 2 9 2 9 2 2 
2 2 2 2 2 2 9 2 2 1 9 2 2 10 2 2 2 10 25 2 2 9 2 9 9 9 9 11 27 2 2 2 13 2 4 11 2 27 14 10 27 11 27 10 2 2 2 14 11 27 27 28 4 28 2 27 2 2 2 2 2 2 2 25 2 
9 9 2 2 10 25 2 2 2 1 2 10 2 2 25 2 2 9 9 9 9 3 10 2 2 2 27 2 27 27 10 10 10 11 27 11 27 2 10 27 27 27 10 2 2 4 4 27 4 4 27 2 27 2 2 25 9 10 2 2 9 2 3 25 2 
2 2 2 2 10 2 2 10 2 2 10 25 2 2 2 2 2 25 2 2 2 2 10 2 9 9 9 2 27 4 2 2 2 13 4 13 2 27 27 10 10 11 27 27 10 27 2 27 2 2 27 4 4 11 12 31 14 2 11 10 2 2 2 2 2 
9 2 2 2 25 9 9 25 2 2 2 2 2 9 2 10 10 2 2 2 2 2 9 9 9 2 9 11 2 11 2 2 2 27 4 27 2 4 10 11 11 27 10 27 11 27 2 2 27 4 27 28 27 31 28 4 28 2 26 10 2 10 10 2 2 
2 9 2 2 2 2 2 2 2 25 2 2 2 2 2 2 2 2 2 2 10 2 9 9 9 9 9 27 27 13 2 2 2 2 4 4 2 27 13 27 27 10 10 27 11 11 2 2 2 4 2 31 28 4 4 27 28 27 2 2 10 2 2 2 2 
