2 27 2 10 2 27 10 27 2 27 9 13 11 27 9 9 9 9 9 13 13 13 11 13 2 
10 25 2 10 27 10 2 2 2 2 27 11 9 9 9 9 9 9 9 9 13 13 13 13 2 
4 4 2 1 2 2 2 2 27 10 11 9 9 9 9 9 13 13 13 9 9 13 13 13 2 
10 9 2 27 2 11 11 4 4 9 9 9 9 9 9 13 9 9 13 11 13 11 14 10 2 
10 27 27 4 26 10 27 2 9 9 9 9 9 13 9 9 13 13 13 11 11 14 11 10 2 
25 2 27 9 27 2 11 11 27 11 10 9 9 9 13 13 13 13 13 13 13 13 13 13 2 
27 27 10 2 2 27 27 27 10 26 27 10 2 4 2 10 9 9 9 9 9 13 13 13 2 
2 10 10 10 10 25 2 25 27 10 27 25 2 2 2 27 9 9 9 10 11 13 13 13 2 
10 9 10 9 9 9 13 13 13 13 13 13 13 13 13 13 13 13 13 14 2 14 14 13 2 
10 27 27 27 2 2 10 10 27 27 27 11 13 11 13 13 13 14 14 15 14 13 14 14 2 
10 2 27 2 26 2 10 27 2 10 27 3 2 2 2 26 11 11 11 16 11 11 10 11 2 
10 10 10 10 27 10 27 4 4 27 10 11 11 11 14 13 13 13 14 27 2 9 2 27 2 
25 27 27 10 10 25 10 10 27 27 10 3 2 27 2 10 10 11 11 11 14 11 11 11 2 
10 2 27 25 10 11 2 2 11 10 10 9 11 11 10 11 14 14 10 10 10 14 26 27 2 
27 2 2 2 2 26 2 10 11 11 11 11 11 14 14 14 27 2 10 2 11 26 27 10 2 
27 27 27 2 2 2 2 2 27 2 9 2 2 2 2 10 11 11 14 9 9 13 15 23 2 
27 10 27 11 27 27 27 27 2 10 2 10 27 27 10 10 11 10 10 11 13 10 11 11 2 
27 27 4 27 11 27 14 2 10 13 25 2 2 10 11 11 11 11 14 16 15 15 13 14 2 
2 25 2 2 27 2 2 2 2 2 2 27 2 4 27 11 10 11 11 10 10 11 11 11 2 
27 25 27 27 2 10 27 27 10 10 9 27 2 2 2 2 11 11 11 11 11 11 11 11 2 
