2 2 27 25 2 27 10 4 2 27 10 13 2 3 1 1 3 1 2 2 13 13 11 2 2 
27 2 2 2 27 27 9 2 2 2 10 3 1 1 1 1 3 2 13 13 13 11 11 14 2 
10 10 14 26 27 2 2 10 10 10 4 3 3 1 3 1 1 1 2 13 13 13 11 10 2 
27 10 10 27 25 2 27 10 9 10 2 3 3 1 1 1 1 2 2 13 13 13 13 11 2 
10 27 27 2 27 10 27 10 11 9 2 2 1 1 1 1 1 1 2 13 13 11 13 11 2 
2 2 2 2 2 2 2 2 2 13 3 1 1 1 1 1 2 13 9 13 11 10 10 4 2 
27 27 9 10 10 9 9 9 10 2 1 3 1 1 1 1 1 2 13 13 13 13 13 11 2 
10 25 27 2 2 10 27 2 10 9 2 27 3 3 1 1 1 1 2 13 13 13 13 14 2 
27 2 10 10 9 9 9 9 9 2 1 1 1 1 1 1 1 2 13 13 13 11 14 11 2 
2 27 2 27 2 10 2 2 2 2 2 2 1 1 1 1 1 1 2 13 13 13 14 27 2 
10 11 27 2 10 2 10 9 10 9 3 2 1 1 1 1 1 1 2 13 13 13 14 14 2 
3 2 2 2 25 10 10 27 11 10 3 1 1 1 1 3 3 2 13 13 13 13 13 11 2 
27 2 2 26 10 26 2 2 2 2 2 2 1 1 1 1 1 1 2 2 13 13 11 11 2 
27 27 10 2 10 27 2 9 10 10 2 3 3 1 1 1 1 1 1 2 13 13 11 14 2 
27 2 27 10 2 2 2 9 9 9 2 3 1 1 1 1 1 1 2 2 13 13 11 11 2 
10 25 4 27 25 10 10 10 2 2 3 1 3 1 1 1 1 2 13 13 11 13 11 10 2 
10 10 27 27 11 10 2 2 11 27 2 2 2 3 1 1 1 1 1 1 2 13 13 13 2 
27 25 10 2 9 9 9 10 10 10 11 2 3 3 1 1 1 1 1 2 13 13 11 11 2 
27 11 4 2 27 10 2 2 2 9 10 2 1 1 1 1 1 1 2 13 13 13 13 11 2 
10 11 27 11 10 10 27 2 2 9 10 3 1 1 1 1 1 1 2 2 13 13 13 14 2 
