13 10 4 27 10 27 27 2 10 10 10 11 9 9 9 11 10 10 14 16 16 2 10 9 2 
27 10 27 2 2 27 2 27 27 11 13 28 10 9 11 11 11 13 4 9 25 10 10 9 2 
27 27 10 9 2 2 27 10 9 11 11 9 9 10 10 11 11 11 11 13 3 25 10 27 2 
2 25 27 2 10 13 13 27 10 11 9 10 11 11 11 11 11 11 11 27 3 2 10 10 2 
27 27 10 27 27 10 11 10 11 13 11 10 9 9 9 10 11 11 11 13 28 3 9 9 2 
9 27 10 27 2 25 2 27 11 13 13 10 11 9 11 11 11 27 10 10 3 9 10 10 2 
27 2 2 27 10 10 10 10 27 2 27 10 10 10 11 11 11 27 2 25 27 10 27 10 2 
27 2 2 2 27 27 2 27 4 11 2 27 11 9 10 10 11 13 11 25 10 10 10 10 2 
2 2 2 25 27 27 27 10 27 11 26 10 11 10 10 27 10 11 25 9 3 2 10 25 2 
2 25 2 2 27 10 10 27 2 10 27 11 10 11 11 11 11 11 14 16 3 27 10 11 2 
26 2 10 10 25 27 10 4 11 4 2 4 11 11 11 11 11 10 10 11 2 27 11 27 2 
27 27 2 2 2 10 4 27 10 10 13 11 9 9 9 9 9 10 10 16 3 10 13 26 2 
4 13 2 11 27 27 10 4 27 11 11 2 11 9 13 11 11 11 16 13 14 2 11 11 2 
27 2 2 25 2 27 10 2 10 27 2 2 11 9 9 13 11 11 14 11 14 3 10 2 2 
25 11 27 11 27 11 26 27 2 10 2 2 10 9 9 9 10 11 14 16 27 2 3 2 2 
2 25 9 27 4 10 4 2 11 11 2 2 11 9 9 16 10 10 10 10 16 2 10 2 2 
27 27 2 10 2 11 2 4 2 2 3 2 2 16 11 11 9 10 14 16 10 14 3 2 2 
10 10 2 27 27 3 27 27 28 27 2 2 11 13 9 10 10 11 2 2 13 2 10 11 2 
10 27 11 27 10 2 2 4 2 11 2 2 2 11 10 10 11 11 9 16 10 27 27 2 2 
2 2 2 27 27 27 10 2 13 2 11 11 10 11 10 11 10 16 25 2 11 27 2 11 2 
