2 2 2 27 2 27 10 27 2 11 14 2 2 2 1 3 1 2 2 13 13 13 28 14 2 
2 2 27 10 2 2 11 27 11 27 11 2 2 1 1 1 1 2 13 13 13 13 4 11 2 
10 25 10 27 2 27 9 2 4 27 11 4 2 2 1 1 1 1 2 2 13 13 13 13 2 
10 25 2 13 2 2 27 11 14 27 27 25 2 1 1 1 1 1 2 13 13 13 13 14 2 
27 25 2 27 27 26 2 10 2 11 11 14 2 3 1 1 1 1 2 2 13 13 13 23 2 
4 27 2 10 27 2 10 11 2 27 4 27 2 2 3 1 1 1 2 13 13 13 14 11 2 
2 26 27 27 2 2 2 14 11 10 27 2 2 1 1 1 1 2 2 13 13 13 13 14 2 
25 10 27 27 10 2 2 2 13 28 11 4 3 2 1 1 1 1 1 2 13 13 23 13 2 
2 2 2 2 27 27 13 27 27 4 11 2 3 1 1 1 1 2 2 13 13 13 13 14 2 
10 25 2 27 27 27 27 25 27 2 27 27 2 2 2 1 1 1 2 13 13 13 13 14 2 
9 2 25 2 10 2 27 10 11 27 4 4 2 1 1 1 1 1 2 13 13 13 11 14 2 
27 10 2 27 2 10 2 11 14 28 27 4 3 1 1 1 1 1 2 13 13 13 27 2 2 
27 27 2 10 27 11 27 4 4 27 11 2 3 25 3 1 1 1 13 13 13 13 11 14 2 
10 10 25 27 2 2 27 11 27 11 11 2 2 3 1 1 1 2 13 13 23 13 23 14 2 
9 27 10 11 27 27 11 10 2 27 10 11 3 1 3 1 1 1 9 13 13 13 13 13 2 
25 2 25 10 11 2 11 2 27 4 27 2 2 1 1 1 2 2 2 13 13 13 14 14 2 
27 27 27 27 13 27 2 9 4 27 11 2 2 1 9 1 9 2 2 13 13 13 13 14 2 
10 10 10 27 27 2 27 27 27 27 26 11 2 2 3 1 1 2 2 2 13 13 13 13 2 
10 2 10 27 10 2 2 13 11 11 27 27 3 1 3 1 9 2 2 2 13 13 23 23 2 
2 2 27 11 27 2 27 2 27 11 11 11 3 1 3 1 2 2 2 2 13 13 13 11 2 
