2 10 2 2 2 9 25 10 2 2 2 2 2 2 2 2 2 2 2 2 2 2 10 4 4 3 27 4 4 13 4 1 1 3 3 27 2 4 27 27 27 11 11 2 10 27 4 4 4 4 28 27 2 2 2 2 2 2 2 2 2 10 2 2 2 
9 2 10 2 2 10 9 2 2 2 10 2 9 10 9 2 2 2 2 2 9 2 25 2 2 4 4 4 2 27 2 3 3 3 2 27 4 2 11 11 11 10 2 2 2 4 4 14 29 4 4 10 2 2 2 2 2 2 2 3 2 9 2 2 2 
10 2 2 2 2 2 2 9 2 2 9 2 10 2 10 2 2 2 2 2 2 2 2 2 4 10 2 27 4 11 10 2 3 1 2 2 2 2 11 27 4 27 13 2 2 4 4 4 31 4 4 4 4 2 10 9 25 2 2 2 2 9 2 10 2 
2 2 2 2 2 2 2 2 2 2 2 9 25 2 2 10 9 10 2 2 2 2 2 9 2 2 29 4 2 11 4 13 2 3 2 2 27 27 14 27 11 26 2 2 2 4 4 29 4 28 28 27 2 10 10 9 2 10 2 10 10 2 2 2 2 
2 2 2 2 9 2 2 2 2 2 2 2 2 9 10 2 2 10 2 2 9 2 2 2 9 2 29 29 13 2 2 2 3 3 2 3 27 27 2 2 11 4 27 10 27 2 4 4 27 4 25 28 10 2 2 9 2 2 2 2 9 2 2 2 2 
2 2 10 2 2 2 2 2 2 2 2 9 10 2 2 10 2 9 2 2 2 25 9 2 2 4 27 2 4 11 4 2 3 1 3 2 2 11 4 27 27 2 27 27 27 2 4 4 4 2 4 27 4 2 10 25 2 25 2 2 2 2 9 9 2 
2 2 2 2 2 2 13 2 2 2 2 2 9 2 2 2 10 2 2 2 10 2 2 2 2 29 7 3 13 4 4 13 2 3 3 2 27 27 27 14 28 27 28 4 10 11 27 4 4 27 4 4 4 4 27 2 10 2 10 2 2 2 2 2 2 
2 9 10 2 2 2 2 2 9 2 2 2 2 2 2 10 2 2 2 2 2 10 13 9 2 2 4 3 2 11 4 2 2 1 3 2 2 27 4 11 13 13 27 11 2 27 4 4 4 29 4 4 2 2 2 2 2 2 2 2 2 10 2 9 2 
10 2 2 2 2 2 2 2 2 2 2 9 2 2 2 2 2 2 2 2 2 2 2 2 3 4 4 2 11 4 4 2 3 3 3 2 2 28 27 2 10 11 27 10 2 4 4 4 4 4 4 12 11 2 10 10 2 25 10 2 2 2 10 2 2 
10 2 2 2 2 10 2 2 2 9 10 2 2 2 3 2 10 10 2 2 2 2 2 10 4 29 4 27 2 4 4 2 3 3 2 2 2 2 27 27 11 2 10 2 27 4 4 29 4 4 28 11 27 9 10 2 2 2 2 2 2 2 2 2 2 
2 2 2 2 2 2 2 10 2 2 2 2 2 2 2 2 2 2 2 2 25 2 2 12 29 7 13 2 11 2 2 3 3 1 2 2 2 11 27 11 2 10 27 13 2 4 14 29 4 27 4 2 2 10 2 2 2 2 9 2 2 2 10 2 2 
2 2 2 10 2 2 2 9 2 2 2 2 2 2 9 2 2 2 2 2 2 2 25 2 4 4 7 7 11 4 2 1 3 3 1 2 2 27 13 27 11 26 2 27 2 4 4 4 11 4 2 10 2 2 2 2 10 2 2 2 2 2 10 2 2 
2 2 2 2 10 2 25 2 2 9 2 2 2 2 10 10 10 25 10 2 2 10 2 9 12 4 4 4 2 4 13 3 3 1 3 2 4 27 11 11 11 27 27 27 27 27 3 7 11 31 4 2 11 2 2 2 25 10 2 2 2 2 9 2 2 
2 2 2 2 2 2 2 2 25 9 2 10 2 2 2 2 2 2 2 2 2 2 2 2 25 4 4 26 11 13 2 1 1 3 5 2 2 11 11 10 4 14 27 27 10 4 4 25 4 4 2 27 10 2 2 2 9 2 2 2 9 2 2 10 2 
2 2 2 2 2 9 9 2 2 25 2 25 2 2 2 10 2 2 2 2 2 2 2 2 11 4 27 27 2 4 2 2 1 2 2 2 2 27 10 11 10 27 2 10 2 4 4 4 29 28 4 4 10 2 2 25 2 10 2 2 2 9 2 2 2 
2 2 2 2 2 2 2 2 9 2 2 9 2 2 2 25 2 10 2 2 2 2 10 2 25 2 4 3 2 4 2 13 3 1 3 2 2 27 11 27 14 10 2 27 27 2 27 27 28 11 4 11 11 9 2 2 2 2 2 2 2 9 9 2 2 
2 2 2 2 2 2 9 2 2 9 2 2 3 2 2 2 2 2 2 9 9 10 2 9 2 4 4 27 14 4 2 2 1 3 3 2 27 27 11 2 27 2 27 27 27 27 4 4 4 29 28 27 10 10 2 10 2 2 2 2 2 10 10 2 2 
10 10 2 2 2 2 25 2 2 25 2 2 2 2 10 9 2 10 2 10 2 9 2 2 2 4 3 27 14 4 2 3 1 1 3 2 4 27 2 4 27 11 11 2 27 2 4 4 29 4 14 4 2 10 2 2 2 2 2 2 2 10 2 10 2 
9 2 10 10 2 2 2 2 2 2 2 2 25 9 10 2 2 2 2 2 2 2 2 9 2 9 4 4 10 13 2 1 1 3 3 2 27 27 4 4 10 2 11 13 13 4 4 4 4 27 10 2 2 2 2 2 2 2 2 2 25 2 9 25 2 
2 2 2 2 2 2 10 2 2 2 2 10 2 2 10 10 2 2 10 2 2 2 2 2 4 11 11 11 11 2 2 1 1 3 2 2 11 4 4 11 11 11 2 2 2 2 4 4 4 4 28 2 2 2 2 2 10 2 10 2 2 2 2 2 2 
