2 2 2 2 4 2 5 3 2 2 2 2 2 3 27 2 27 2 2 2 2 11 2 2 2 
2 2 2 2 27 27 2 2 27 27 2 2 13 2 2 2 2 2 2 2 3 27 11 4 2 
2 10 10 2 10 2 9 27 2 10 2 2 2 2 2 2 2 5 2 2 2 2 2 11 2 
25 2 13 2 2 2 10 10 2 2 2 13 2 2 2 2 2 2 3 2 2 2 2 2 2 
2 9 2 2 2 2 2 2 2 2 2 2 2 2 3 2 3 3 3 2 2 2 2 3 2 
2 2 2 2 2 2 10 2 2 2 2 2 2 3 3 2 2 2 1 2 3 2 2 2 2 
2 2 10 26 2 2 2 2 2 2 2 2 2 2 4 2 2 2 2 2 2 2 25 2 2 
2 27 10 2 2 2 11 2 2 2 11 2 2 2 2 2 2 2 3 2 2 2 27 10 2 
10 11 27 2 3 9 9 11 2 13 3 2 2 3 2 2 2 1 2 2 2 10 2 2 2 
27 2 2 2 25 2 2 9 10 27 2 2 3 2 13 2 2 2 2 2 2 2 10 2 2 
27 27 27 2 10 27 2 27 2 2 2 2 2 2 2 2 2 3 2 2 2 3 11 27 2 
25 25 2 2 27 11 9 2 11 2 2 2 2 3 2 4 2 2 2 2 3 3 2 27 2 
27 10 2 2 2 2 2 2 2 2 2 2 3 5 2 5 2 2 2 3 2 2 2 2 2 
27 10 26 2 26 10 2 9 2 10 13 2 2 2 2 3 5 2 2 2 2 10 2 10 2 
10 10 2 25 2 2 2 27 10 2 2 2 2 3 2 2 2 2 1 2 2 3 2 11 2 
2 2 2 2 2 27 2 2 2 2 3 3 5 2 2 2 2 2 2 2 2 4 2 14 2 
27 26 2 2 2 27 2 2 27 2 4 2 2 2 2 13 2 2 2 2 2 2 27 27 2 
27 25 2 2 2 2 2 2 10 2 2 2 4 2 2 3 2 2 2 1 3 2 2 2 2 
10 10 10 27 10 11 2 2 2 2 2 2 3 2 2 2 2 3 2 2 27 2 10 2 2 
10 27 2 2 2 9 2 2 2 13 2 2 2 2 3 5 3 2 2 2 2 2 11 2 2 
