27 27 27 10 27 27 2 27 2 13 11 11 13 13 11 14 11 16 14 15 28 27 27 14 2 
10 27 10 25 27 27 2 11 13 13 13 11 13 13 13 13 13 23 10 14 10 13 10 14 2 
2 27 27 2 2 2 2 11 11 11 11 11 13 11 15 11 13 15 11 14 13 13 13 2 2 
26 27 2 2 10 14 14 13 13 11 11 13 13 11 13 14 13 14 11 27 26 14 10 27 2 
27 10 9 2 27 2 27 11 27 9 11 27 13 13 11 11 13 13 16 13 11 11 14 27 2 
2 2 2 2 2 10 14 11 11 11 11 11 13 11 13 23 13 23 13 23 13 11 11 15 2 
10 10 9 2 27 2 2 2 2 2 2 26 11 11 11 11 11 11 13 13 13 13 13 23 2 
2 2 27 9 9 10 10 27 10 2 11 11 11 10 11 11 10 11 14 11 16 14 13 10 2 
27 25 2 27 27 2 2 2 2 10 27 10 11 11 13 13 13 19 23 13 23 2 10 14 2 
2 2 9 27 2 10 2 2 25 25 11 13 11 11 11 11 13 13 13 15 13 14 11 14 2 
2 2 2 2 10 10 2 2 3 10 14 11 13 11 11 13 13 13 15 23 15 13 13 14 2 
25 2 27 25 25 2 2 25 2 14 11 11 11 11 11 14 13 13 13 13 13 11 31 4 2 
10 27 2 2 10 10 27 27 27 2 14 11 11 11 11 11 11 11 13 14 13 13 13 13 2 
25 25 10 2 10 2 2 27 10 10 11 11 11 13 13 13 13 13 13 13 13 13 4 11 2 
25 2 10 27 10 27 2 26 27 10 11 13 13 13 13 13 13 13 13 13 13 14 13 19 2 
25 2 10 2 27 9 10 9 10 2 14 11 13 11 13 13 13 9 13 13 23 13 10 14 2 
25 25 9 10 2 27 25 2 10 2 11 11 13 13 13 13 13 13 13 13 13 13 14 13 2 
10 27 27 27 27 27 10 27 10 2 11 14 11 13 13 13 13 13 13 13 14 10 14 14 2 
2 10 2 27 9 2 2 10 10 27 11 10 11 13 13 13 13 13 13 9 13 13 13 16 2 
2 25 25 2 10 10 10 9 2 2 11 11 11 9 9 9 11 9 13 13 19 13 9 15 2 
