10 25 2 27 27 13 14 4 4 2 11 11 11 4 2 2 2 2 2 2 14 4 4 11 2 
25 25 2 2 2 2 2 10 4 11 4 4 11 4 2 3 2 11 2 11 4 11 27 10 2 
2 2 2 2 2 2 2 2 11 4 2 2 4 11 4 2 2 4 4 14 11 4 10 2 2 
27 2 11 2 2 10 10 2 10 10 13 4 4 4 4 4 4 4 4 2 2 4 28 4 2 
2 2 26 25 26 27 2 10 27 27 14 14 2 4 4 4 4 11 27 2 2 2 4 14 2 
27 13 14 4 4 4 4 13 14 4 4 11 11 4 13 4 4 4 4 27 4 27 27 2 2 
11 27 2 14 2 2 2 11 4 4 2 4 4 13 27 14 2 13 14 11 4 27 10 13 2 
2 2 10 10 2 4 14 11 4 13 4 4 4 13 4 4 4 4 4 27 4 2 2 10 2 
2 2 2 2 2 2 26 25 10 2 4 2 4 14 4 4 2 2 4 4 4 27 27 27 2 
11 26 27 27 27 2 27 4 4 2 2 4 4 7 2 27 4 2 2 2 13 3 2 13 2 
2 27 27 2 2 2 26 4 11 4 4 2 13 2 2 5 4 27 14 2 27 10 2 27 2 
2 2 2 2 28 4 2 4 2 13 2 2 4 4 2 13 11 4 27 2 2 2 4 4 2 
25 2 27 2 2 2 2 2 2 2 4 2 4 2 2 4 2 3 4 4 13 2 2 2 2 
27 25 25 25 25 25 13 13 2 4 4 4 2 11 4 2 5 4 13 2 10 2 27 4 2 
10 25 27 27 27 10 27 9 26 4 2 2 4 2 4 4 4 2 11 10 4 27 27 4 2 
27 11 27 10 9 10 2 2 27 4 2 4 13 2 13 4 4 2 2 2 2 4 27 2 2 
27 11 13 10 2 13 13 2 4 2 4 2 11 2 2 5 2 3 13 2 10 2 3 2 2 
10 27 2 27 2 2 2 2 10 25 2 26 11 2 3 13 4 2 2 2 4 11 13 27 2 
3 10 10 27 27 27 15 4 2 4 2 4 2 4 2 2 5 4 2 2 10 27 2 4 2 
4 27 10 10 2 2 13 2 2 4 4 27 4 4 2 5 2 4 4 10 10 2 4 4 2 
