2 2 2 2 10 10 2 2 2 2 9 2 3 2 2 2 13 12 10 10 11 4 11 14 4 14 11 11 11 11 4 10 27 2 2 2 2 13 4 4 2 13 2 2 27 27 2 27 3 7 3 4 4 2 2 2 2 2 2 2 2 2 2 2 2 
2 10 9 2 2 2 2 9 2 9 2 9 2 2 10 2 9 10 12 3 10 11 27 11 14 4 26 27 4 14 4 14 13 4 4 2 2 4 4 11 2 27 2 3 3 4 4 4 27 10 2 9 25 2 25 2 2 2 9 2 9 2 2 10 2 
2 2 2 10 2 2 25 2 25 2 2 2 2 2 2 25 2 4 2 27 27 14 27 14 11 14 14 11 14 14 4 4 2 4 2 11 4 4 13 14 27 10 27 2 13 27 3 7 4 2 4 2 2 2 2 2 9 10 2 2 2 9 10 2 2 
10 10 10 25 2 2 2 10 9 2 2 9 2 2 2 25 4 27 2 27 11 27 11 11 11 4 11 27 28 11 14 4 27 27 2 4 2 2 27 4 2 2 11 13 27 3 7 3 2 4 2 2 2 10 2 2 9 2 2 2 2 2 2 9 2 
2 2 10 2 2 10 10 2 2 2 2 25 2 2 10 10 10 2 31 3 11 27 27 4 27 14 14 11 28 13 11 4 11 4 4 11 4 2 2 26 2 2 2 3 7 7 4 4 7 4 2 2 10 2 9 25 2 2 2 2 2 2 2 2 2 
2 2 2 2 2 2 25 2 2 2 2 2 2 2 25 2 10 4 10 27 4 11 27 11 11 28 12 11 27 14 2 11 11 2 2 4 2 2 13 13 27 2 2 2 27 27 3 7 3 2 4 2 2 2 10 2 9 9 9 2 10 9 2 2 2 
2 2 2 2 2 2 3 2 25 2 2 10 2 2 10 4 11 11 4 27 11 27 11 27 27 14 4 14 13 4 11 4 4 13 4 13 2 2 4 11 11 2 2 10 2 2 27 4 4 13 2 2 2 10 10 2 2 2 10 2 10 2 27 2 2 
2 2 2 2 2 10 25 2 9 2 2 2 2 2 2 2 27 10 11 28 4 4 27 28 11 14 14 27 14 28 14 4 11 2 2 27 10 4 4 2 4 2 13 13 2 27 3 3 2 4 2 4 2 2 2 2 2 9 9 9 2 2 2 2 2 
2 2 2 2 10 10 2 2 2 2 9 2 10 2 10 4 4 3 2 11 27 2 11 11 11 4 11 28 14 11 11 13 4 4 2 4 2 4 13 11 2 2 13 2 27 3 3 4 7 3 2 27 25 2 11 27 28 10 10 2 10 3 2 2 2 
9 10 2 2 2 3 2 2 2 2 2 2 2 10 2 2 2 10 27 14 27 11 4 14 11 4 11 28 11 11 28 4 4 4 4 2 2 2 10 2 11 2 27 2 2 27 3 2 2 4 4 2 10 2 2 2 2 2 2 2 2 2 9 10 2 
2 2 2 9 2 2 2 2 10 2 2 2 9 2 2 2 2 2 27 4 2 11 27 14 14 4 10 13 27 28 4 10 11 2 4 2 2 2 2 25 2 2 27 3 3 4 4 4 27 2 10 2 2 10 10 2 2 2 2 10 2 2 2 9 2 
2 2 2 2 2 2 2 10 3 9 2 2 9 2 9 2 10 9 25 10 2 4 13 26 14 14 4 14 10 27 4 11 28 11 11 27 2 4 2 2 13 27 4 2 11 3 2 3 3 4 4 4 4 13 2 2 2 2 9 9 9 3 25 2 2 
10 9 10 9 2 2 2 2 2 2 25 10 2 10 2 2 10 4 4 27 11 27 27 2 27 11 11 14 4 28 27 4 4 11 27 13 4 2 4 4 2 2 27 2 27 4 7 29 4 2 2 2 2 2 2 2 25 10 10 2 2 2 2 2 2 
2 2 9 10 2 2 2 10 2 2 10 2 9 10 9 4 13 11 27 10 27 28 11 14 11 11 4 14 14 27 10 13 4 4 2 4 11 4 4 27 2 2 2 2 2 3 3 4 4 2 13 4 2 2 2 2 9 2 2 2 2 10 9 2 2 
2 2 2 2 9 10 2 9 2 2 2 2 10 2 9 9 2 4 27 27 27 11 11 10 4 14 11 27 4 4 10 2 13 13 27 4 2 2 2 4 2 2 4 3 27 4 7 4 2 4 2 10 2 2 10 2 2 2 2 2 25 2 2 2 2 
2 2 2 10 2 2 2 10 2 2 2 9 2 2 2 10 10 27 11 14 4 10 11 14 11 4 14 11 11 14 4 14 13 4 4 4 27 4 4 27 11 2 2 2 3 3 3 3 4 2 2 2 2 2 2 2 2 10 2 2 10 9 2 10 2 
2 9 2 2 2 10 2 9 9 9 2 9 2 2 2 31 4 2 27 11 10 27 27 11 14 4 11 13 14 11 12 4 4 4 4 4 2 2 27 14 2 27 2 3 3 3 7 4 10 2 2 2 2 2 2 2 2 2 2 2 2 2 2 2 2 
2 2 2 9 2 2 2 2 2 2 10 2 2 2 2 28 2 27 10 11 14 11 14 11 2 27 11 11 28 4 27 4 4 2 2 2 2 4 4 4 2 11 3 27 3 3 29 4 4 4 2 10 2 2 2 2 10 2 2 2 2 9 2 2 2 
10 2 9 25 2 2 2 2 2 9 2 10 2 2 10 10 4 2 11 10 27 10 27 11 4 14 11 14 11 14 4 4 4 4 13 2 2 4 4 27 2 2 27 3 3 3 4 4 4 10 2 2 10 2 10 2 9 2 2 2 10 2 2 2 2 
2 10 2 2 2 2 10 2 2 10 2 10 2 2 2 27 2 11 11 27 2 11 27 27 27 10 11 27 11 11 11 11 13 4 2 4 2 14 4 11 2 2 2 4 27 7 4 4 14 2 4 2 2 2 2 9 2 2 2 2 2 2 2 2 2 
